-0.696941 0.590272 -0.407249 2.091010 -0.560751 0.532585 -0.633965 2.019423
-0.317832 -0.854723 -0.410404 1.541207 0.823257 0.440338 -0.358260 1.603771
-0.702465 -0.129433 0.699850 2.285378 0.088355 -0.722811 -0.685375 2.236713
-0.682567 0.525623 -0.507762 2.050490 -0.536167 0.542646 -0.646576 2.009903
-0.289908 -0.841754 -0.455415 1.512747 0.839027 0.426557 -0.337763 1.595811
-0.692913 -0.007943 0.720977 2.198361 0.092516 -0.723591 -0.684000 2.233833
-0.641591 0.546075 -0.538668 1.955560 -0.530692 0.551387 -0.643691 1.994812
-0.297281 -0.848564 -0.437680 1.465948 0.843449 0.418315 -0.337054 1.523446
-0.734102 -0.151361 0.661955 2.373368 0.083418 -0.721793 -0.687064 2.249553
-0.689435 0.492747 -0.530924 2.065480 -0.526626 0.549864 -0.648317 2.003134
-0.317260 -0.870488 -0.376294 1.457032 0.847020 0.404229 -0.345188 1.511153
-0.696785 -0.118722 0.707386 2.307613 0.072262 -0.730923 -0.678624 2.270539
-0.654207 0.538320 -0.531249 2.007499 -0.544047 0.542719 -0.639897 2.022676
-0.323215 -0.856417 -0.402595 1.454171 0.835505 0.420490 -0.353722 1.489647
-0.628297 -0.170852 0.758981 2.138940 0.077099 -0.727079 -0.682211 2.284054
-0.630997 0.624886 -0.459739 2.013464 -0.582232 0.523551 -0.622013 2.038262
-0.336430 -0.841529 -0.422664 1.388955 0.809256 0.446755 -0.381464 1.470483
-0.631346 -0.151237 0.760612 2.114568 0.078171 -0.725468 -0.683802 2.278473
