-0.726333 0.604735 -0.326705 1.973738 -0.607133 0.385567 -0.694786 1.968534
-0.554184 -0.787324 -0.270186 2.136368 0.794269 0.269224 -0.544661 2.081454
-0.427721 0.014071 0.903801 1.427279 -0.022950 -0.882528 -0.469699 1.548140
-0.704653 0.601804 -0.375892 1.971586 -0.584618 0.403038 -0.704118 2.009157
-0.533776 -0.808937 -0.246381 2.047059 0.810415 0.249371 -0.530134 2.005028
-0.459507 0.050392 0.886743 1.492591 -0.038077 -0.880554 -0.472414 1.546486
-0.689581 0.615133 -0.382217 1.920211 -0.591516 0.380420 -0.710907 2.018857
-0.551283 -0.804597 -0.220707 2.035725 0.805860 0.250054 -0.536714 1.974358
-0.401779 -0.000657 0.915737 1.370088 -0.026412 -0.890367 -0.454476 1.526536
-0.709133 0.595487 -0.377525 1.954968 -0.566893 0.380693 -0.730551 2.036022
-0.508551 -0.829798 -0.229807 1.953072 0.823403 0.234626 -0.516680 1.945686
-0.444513 0.039098 0.894919 1.494101 -0.025290 -0.894440 -0.446472 1.522337
